0 15
1 6
2 471
3 1379
4 1720
5 4360
6 5897
7 7147
8 9796
9 14287
10 15601
11 20889
12 27924
13 30877
14 35959
15 47417
16 54012
17 65841
18 68488
19 81312
21 125087
26 168868
31 275637
36 354122
41 488458
46 688349
51 811234
56 1050458
61 1203578
66 1513960
71 1827744
76 2022589
81 2376918
86 2810032
91 3136250
96 3281586
101 4259103
121 6172753
141 8047238
161 10787491
181 15325546
201 18252332
221 22364012
241 26737418
261 34032903
281 38601239
301 47020993
321 51716773
341 60049043
361 67084121
381 76718340
401 83633663
421 94560567
441 105352018
461 117237402
481 125029297
501 144370003
521 153533081
541 163271750
561 190284771
581 192624173
601 201079898
621 219505432
641 234702453
661 254261069
681 270018927
701 283887215
721 299416964
741 319645429
761 351523450
781 359755517
801 392907407
821 432211427
841 428610711
861 441148771
881 490151023
901 496903433
921 535151210
941 541135051
961 565892309
981 601951993
1001 622939335
1201 916249294
1401 1288556456
1601 1766024000
1801 2193529627
2001 2795454790
2201 3371584021
2401 4093262820
2601 5186509529
2801 5777472286
3001 6758425961
3201 7916995452
3401 8566521410
3601 9643503679
3801 11014149353
4001 12221048240
4201 13586671290
4401 14984156219
4601 17496722762
4801 18063035820
5001 20357501731
5201 21544468095
5401 23192746517
